N-BK7   1.03961212E+00   2.31792344E-01   1.01046945E+00   6.00069867E-03   2.00179144E-02   1.03560653E+02
N-BK7   1.03961212E+00   2.31792344E-01   1.01046945E+00   6.00069867E-03   2.00179144E-02   1.03560653E+02
N-BK7   1.03961212E+00   2.31792344E-01   1.01046945E+00   6.00069867E-03   2.00179144E-02   1.03560653E+02
N-BK7   1.03961212E+00   2.31792344E-01   1.01046945E+00   6.00069867E-03   2.00179144E-02   1.03560653E+02
N-BK7   1.03961212E+00   2.31792344E-01   1.01046945E+00   6.00069867E-03   2.00179144E-02   1.03560653E+02
N-BK7   1.03961212E+00   2.31792344E-01   1.01046945E+00   6.00069867E-03   2.00179144E-02   1.03560653E+02
N-BK7   1.03961212E+00   2.31792344E-01   1.01046945E+00   6.00069867E-03   2.00179144E-02   1.03560653E+02
N-BK7   1.03961212E+00   2.31792344E-01   1.01046945E+00   6.00069867E-03   2.00179144E-02   1.03560653E+02
N-BK7   1.03961212E+00   2.31792344E-01   1.01046945E+00   6.00069867E-03   2.00179144E-02   1.03560653E+02
N-BK7   1.03961212E+00   2.31792344E-01   1.01046945E+00   6.00069867E-03   2.00179144E-02   1.03560653E+02
N-BK7   1.03961212E+00   2.31792344E-01   1.01046945E+00   6.00069867E-03   2.00179144E-02   1.03560653E+02
C79-80   6.83740494E-01   4.20323613E-01   5.85027480E-01   4.60352869E-03   1.33968856E-02   6.44932732E+01
C79-80   6.83740494E-01   4.20323613E-01   5.85027480E-01   4.60352869E-03   1.33968856E-02   6.44932732E+01
C79-80   6.83740494E-01   4.20323613E-01   5.85027480E-01   4.60352869E-03   1.33968856E-02   6.44932732E+01
C79-80   6.83740494E-01   4.20323613E-01   5.85027480E-01   4.60352869E-03   1.33968856E-02   6.44932732E+01
N-BK7   1.03961212E+00   2.31792344E-01   1.01046945E+00   6.00069867E-03   2.00179144E-02   1.03560653E+02
C79-80   6.83740494E-01   4.20323613E-01   5.85027480E-01   4.60352869E-03   1.33968856E-02   6.44932732E+01
C79-80   6.83740494E-01   4.20323613E-01   5.85027480E-01   4.60352869E-03   1.33968856E-02   6.44932732E+01
N-BK7   1.03961212E+00   2.31792344E-01   1.01046945E+00   6.00069867E-03   2.00179144E-02   1.03560653E+02
N-BK7   1.03961212E+00   2.31792344E-01   1.01046945E+00   6.00069867E-03   2.00179144E-02   1.03560653E+02
N-BK7   1.03961212E+00   2.31792344E-01   1.01046945E+00   6.00069867E-03   2.00179144E-02   1.03560653E+02
N-BK7   1.03961212E+00   2.31792344E-01   1.01046945E+00   6.00069867E-03   2.00179144E-02   1.03560653E+02
N-BK7   1.03961212E+00   2.31792344E-01   1.01046945E+00   6.00069867E-03   2.00179144E-02   1.03560653E+02
N-BK7   1.03961212E+00   2.31792344E-01   1.01046945E+00   6.00069867E-03   2.00179144E-02   1.03560653E+02
N-BK7   1.03961212E+00   2.31792344E-01   1.01046945E+00   6.00069867E-03   2.00179144E-02   1.03560653E+02
N-BK7   1.03961212E+00   2.31792344E-01   1.01046945E+00   6.00069867E-03   2.00179144E-02   1.03560653E+02
C79-80   6.83740494E-01   4.20323613E-01   5.85027480E-01   4.60352869E-03   1.33968856E-02   6.44932732E+01
C79-80   6.83740494E-01   4.20323613E-01   5.85027480E-01   4.60352869E-03   1.33968856E-02   6.44932732E+01
C79-80   6.83740494E-01   4.20323613E-01   5.85027480E-01   4.60352869E-03   1.33968856E-02   6.44932732E+01
C79-80   6.83740494E-01   4.20323613E-01   5.85027480E-01   4.60352869E-03   1.33968856E-02   6.44932732E+01
C79-80   6.83740494E-01   4.20323613E-01   5.85027480E-01   4.60352869E-03   1.33968856E-02   6.44932732E+01
N-BK7   1.03961212E+00   2.31792344E-01   1.01046945E+00   6.00069867E-03   2.00179144E-02   1.03560653E+02
N-BK7   1.03961212E+00   2.31792344E-01   1.01046945E+00   6.00069867E-03   2.00179144E-02   1.03560653E+02
N-BK7   1.03961212E+00   2.31792344E-01   1.01046945E+00   6.00069867E-03   2.00179144E-02   1.03560653E+02
N-BK7   1.03961212E+00   2.31792344E-01   1.01046945E+00   6.00069867E-03   2.00179144E-02   1.03560653E+02
N-BK7   1.03961212E+00   2.31792344E-01   1.01046945E+00   6.00069867E-03   2.00179144E-02   1.03560653E+02
N-BK7   1.03961212E+00   2.31792344E-01   1.01046945E+00   6.00069867E-03   2.00179144E-02   1.03560653E+02
N-BK7   1.03961212E+00   2.31792344E-01   1.01046945E+00   6.00069867E-03   2.00179144E-02   1.03560653E+02
N-BK7   1.03961212E+00   2.31792344E-01   1.01046945E+00   6.00069867E-03   2.00179144E-02   1.03560653E+02
N-BK7   1.03961212E+00   2.31792344E-01   1.01046945E+00   6.00069867E-03   2.00179144E-02   1.03560653E+02
N-BK7   1.03961212E+00   2.31792344E-01   1.01046945E+00   6.00069867E-03   2.00179144E-02   1.03560653E+02
N-BK7   1.03961212E+00   2.31792344E-01   1.01046945E+00   6.00069867E-03   2.00179144E-02   1.03560653E+02
N-BK7   1.03961212E+00   2.31792344E-01   1.01046945E+00   6.00069867E-03   2.00179144E-02   1.03560653E+02
N-BK7   1.03961212E+00   2.31792344E-01   1.01046945E+00   6.00069867E-03   2.00179144E-02   1.03560653E+02
N-BK7   1.03961212E+00   2.31792344E-01   1.01046945E+00   6.00069867E-03   2.00179144E-02   1.03560653E+02
N-BK7   1.03961212E+00   2.31792344E-01   1.01046945E+00   6.00069867E-03   2.00179144E-02   1.03560653E+02
N-BK7   1.03961212E+00   2.31792344E-01   1.01046945E+00   6.00069867E-03   2.00179144E-02   1.03560653E+02
N-BK7   1.03961212E+00   2.31792344E-01   1.01046945E+00   6.00069867E-03   2.00179144E-02   1.03560653E+02
N-BK7   1.03961212E+00   2.31792344E-01   1.01046945E+00   6.00069867E-03   2.00179144E-02   1.03560653E+02
N-BK7   1.03961212E+00   2.31792344E-01   1.01046945E+00   6.00069867E-03   2.00179144E-02   1.03560653E+02
N-BK7   1.03961212E+00   2.31792344E-01   1.01046945E+00   6.00069867E-03   2.00179144E-02   1.03560653E+02
N-BK7   1.03961212E+00   2.31792344E-01   1.01046945E+00   6.00069867E-03   2.00179144E-02   1.03560653E+02
C79-80   6.83740494E-01   4.20323613E-01   5.85027480E-01   4.60352869E-03   1.33968856E-02   6.44932732E+01
C79-80   6.83740494E-01   4.20323613E-01   5.85027480E-01   4.60352869E-03   1.33968856E-02   6.44932732E+01
C79-80   6.83740494E-01   4.20323613E-01   5.85027480E-01   4.60352869E-03   1.33968856E-02   6.44932732E+01
C79-80   6.83740494E-01   4.20323613E-01   5.85027480E-01   4.60352869E-03   1.33968856E-02   6.44932732E+01
C79-80   6.83740494E-01   4.20323613E-01   5.85027480E-01   4.60352869E-03   1.33968856E-02   6.44932732E+01
C79-80   6.83740494E-01   4.20323613E-01   5.85027480E-01   4.60352869E-03   1.33968856E-02   6.44932732E+01
C79-80   6.83740494E-01   4.20323613E-01   5.85027480E-01   4.60352869E-03   1.33968856E-02   6.44932732E+01
C79-80   6.83740494E-01   4.20323613E-01   5.85027480E-01   4.60352869E-03   1.33968856E-02   6.44932732E+01
C79-80   6.83740494E-01   4.20323613E-01   5.85027480E-01   4.60352869E-03   1.33968856E-02   6.44932732E+01
N-BK7   1.03961212E+00   2.31792344E-01   1.01046945E+00   6.00069867E-03   2.00179144E-02   1.03560653E+02
C79-80   6.83740494E-01   4.20323613E-01   5.85027480E-01   4.60352869E-03   1.33968856E-02   6.44932732E+01
C79-80   6.83740494E-01   4.20323613E-01   5.85027480E-01   4.60352869E-03   1.33968856E-02   6.44932732E+01
CAF2   5.67588800E-01   4.71091400E-01   3.84847230E+00   2.52643000E-03   1.00783330E-02   1.20055600E+03
CAF2   5.67588800E-01   4.71091400E-01   3.84847230E+00   2.52643000E-03   1.00783330E-02   1.20055600E+03
CAF2   5.67588800E-01   4.71091400E-01   3.84847230E+00   2.52643000E-03   1.00783330E-02   1.20055600E+03
CAF2   5.67588800E-01   4.71091400E-01   3.84847230E+00   2.52643000E-03   1.00783330E-02   1.20055600E+03
